   1.8532420e-02   7.6157895e+01  -8.0282716e-02   8.5923810e+01   1.2346250e+00   1.9343750e+01   2.9167601e-01   1.1800000e+02   1.9979265e-01   1.0528070e+02   5.5330435e-02   4.2547368e-01   5.0200000e-02   3.0713043e-02   1.8400000e-02   6.0417191e+01   9.7090435e+02   1.0000000e+00   3.0600000e+02
   8.5021102e-02   6.5754967e+01  -4.1864829e-02   1.0901935e+02   3.5682139e-01   1.6798387e+01  -1.6729128e-01   6.0631250e+01   1.9456463e-01   9.5479452e+01   6.2916168e-02   3.5274699e-01   2.0139521e-01   1.9041916e-02   1.0479518e-01   8.3992301e+01   7.0978443e+02   1.0000000e+00   5.4300000e+02
   3.7301008e-02   5.2686131e+01  -1.6359809e-01   1.1355263e+02   9.4425004e-01   8.5949367e+00  -4.3394697e-01   9.2836879e+01   5.5049266e-01   9.3724638e+01   5.7730496e-02   4.0632857e-01   2.4367376e-01   1.1872340e-02   7.7628571e-02   7.0993492e+01   8.4248227e+02   1.0000000e+00   5.5200000e+02
   8.3121270e-04   1.0275833e+02  -1.0580248e-01   8.6619469e+01   7.4707753e-01   3.2695652e+00  -9.1486730e-02   1.8398347e+02   2.8120139e-01   8.2491071e+01   1.1306557e-01   3.8834711e-01   3.0421311e-01   4.0000000e-02   4.0661157e-02   6.4063056e+01   9.2585246e+02   1.0000000e+00   2.7500000e+02
  -2.5585211e-02   3.9472868e+01  -1.0692544e-01   9.9851563e+01   4.4755285e-01   2.8724138e+01  -3.8170761e-02   1.7796063e+02   2.0812327e-01   6.5209677e+01   6.3325581e-02   4.0202344e-01   3.1308527e-01   3.0705426e-02   4.6382812e-02   6.7708921e+01   8.7952713e+02   1.0000000e+00   2.8700000e+02
  -6.6177480e-03   7.2476190e+01  -3.5871057e-01   2.4948718e+01   1.1254114e+00   2.4690909e+01   6.4680738e-02   1.9672727e+02   3.3060732e-01   9.4595238e+01   1.5718110e-01   3.3262698e-01   2.2867717e-01   8.7629921e-02   3.0158730e-02   6.6667245e+01   8.9122835e+02   1.0000000e+00   2.9100000e+02
   1.7187891e-02   8.2112676e+01  -2.4018253e-01   7.6212963e+01   9.8860684e-01   1.3422222e+01  -6.7975407e-01   4.0384615e+01   5.7877988e-01   9.1726619e+01   1.1163699e-01   3.7785517e-01   1.4166438e-01   4.2801370e-02   1.2942759e-01   7.6563165e+01   7.7536986e+02   1.0000000e+00   3.0000000e+02
   2.0267364e-02   9.0710937e+01  -9.3728586e-02   9.0411290e+01   1.0463246e+00   2.0513889e+01   1.6106844e-01   2.4731579e+02   2.1346738e-01   1.3910484e+02   8.1207692e-02   4.5973643e-01   1.1318750e-01   2.8892308e-02   1.6242187e-02   6.8229759e+01   8.6853846e+02   1.0000000e+00   3.0400000e+02
  -3.9894422e-02   1.0102419e+02  -2.2596895e-01   6.8824742e+01   1.2102508e+00   1.9431034e+01   2.7493727e-01   1.0971429e+02   2.2821511e-01   1.2226230e+02   1.1604724e-01   3.8443651e-01   1.8948980e-02   3.6370079e-02   2.7346939e-03   6.6667245e+01   8.8225197e+02   1.0000000e+00   3.1200000e+02
   2.1206279e-02   8.3322034e+01  -2.7383940e-01   9.7924731e+01   9.9188456e-01   9.3235294e+00  -1.0302689e+00   7.4325581e+01   1.0259983e+00   8.2639640e+01   9.8262295e-02   4.0512397e-01   1.5297521e-01   3.8745902e-02   1.0523967e-01   6.4063056e+01   9.1582787e+02   1.0000000e+00   3.2400000e+02
   5.7897326e-02   7.6899225e+01  -1.9475026e-01   1.0883838e+02   8.8213891e-01   1.5121951e+01  -7.8820119e-01   1.0078846e+02   7.7011371e-01   8.9674603e+01   8.2694656e-02   4.3200769e-01   1.9273282e-01   2.1442748e-02   9.8775194e-02   6.8750597e+01   8.6167939e+02   1.0000000e+00   3.2500000e+02
   6.6716974e-03   7.6509259e+01  -1.5207188e-01   4.5783019e+01   1.1071589e+00   2.0482759e+01   3.1261256e-01   1.1172727e+02   2.5510833e-01   1.0005769e+02   1.0131481e-01   3.8267290e-01   5.5613861e-02   4.4138889e-02   1.3623762e-02   5.6771326e+01   1.0421759e+03   1.0000000e+00   3.2800000e+02
   2.1107341e-02   7.8590909e+01  -1.6247082e-01   4.6686869e+01   1.3381574e+00   2.0583333e+01   3.9885876e-01   1.1300000e+02   2.6644860e-01   9.6383178e+01   1.0210000e-01   3.9584404e-01   5.7543689e-02   3.9236364e-02   1.7407767e-02   5.7813002e+01   1.0237000e+03   1.0000000e+00   3.2900000e+02
   4.1433583e-03   4.7308219e+01  -1.6372556e-01   9.0811475e+01   1.0764290e+00   1.5930693e+01   2.2376553e-01   2.0754902e+02   5.4607585e-01   9.1238095e+01   4.9210526e-02   3.2256954e-01   1.3284286e-01   2.0250000e-02   1.6078571e-02   7.9688192e+01   7.3905921e+02   1.0000000e+00   3.7400000e+02
   1.9341577e-03   6.1335821e+01  -1.0886162e-01   9.2384615e+01   7.5480681e-01   1.4569444e+01   9.2584892e-02   1.8083636e+02   2.9536705e-01   9.7385827e+01   6.1822222e-02   3.6549254e-01   1.2720896e-01   2.3592593e-02   1.7231343e-02   6.7993767e+01   8.7402963e+02   1.0000000e+00   4.7700000e+02
   8.5021102e-02   6.5754967e+01  -4.1864829e-02   1.0901935e+02   3.5682139e-01   1.6798387e+01  -1.6729128e-01   6.0631250e+01   1.9456463e-01   9.5479452e+01   6.2916168e-02   3.5274699e-01   2.0139521e-01   1.9041916e-02   1.0479518e-01   8.3992301e+01   7.0978443e+02   1.0000000e+00   5.4300000e+02
   2.0306596e-02   6.1105263e+01  -1.8307702e-01   8.2633333e+01   1.1080134e+00   1.9520833e+01   2.2039150e-01   1.9630000e+02   5.6834726e-01   9.7009091e+01   5.7065574e-02   3.6446281e-01   1.1220513e-01   2.1278689e-02   1.5196581e-02   6.1494363e+01   9.6511475e+02   1.0000000e+00   5.6100000e+02
  -1.9873080e-02   6.4441860e+01  -4.3633906e-01   1.8414286e+01   1.3136065e+00   2.5122807e+01   1.3401013e-01   1.9215217e+02   3.5290475e-01   1.0363566e+02   1.5253077e-01   3.2400000e-01   1.7468462e-01   9.0107692e-02   2.6279070e-02   6.8229759e+01   8.7429231e+02   1.0000000e+00   2.9200000e+02
   1.2992635e-02   8.2708333e+01  -2.8318086e-01   9.8127660e+01   9.8048382e-01   9.3235294e+00  -1.0410112e+00   7.3873563e+01   1.0168625e+00   8.2300885e+01   9.7604839e-02   4.0579675e-01   1.5196748e-01   3.8298387e-02   1.0493496e-01   6.5104732e+01   9.1583871e+02   1.0000000e+00   3.2400000e+02
   5.7897326e-02   7.6899225e+01  -1.9475026e-01   1.0883838e+02   8.8213891e-01   1.5121951e+01  -7.8820119e-01   1.0078846e+02   7.7011371e-01   8.9674603e+01   8.2694656e-02   4.3200769e-01   1.9273282e-01   2.1442748e-02   9.8775194e-02   6.8750597e+01   8.6167939e+02   1.0000000e+00   3.2500000e+02
   4.7304103e-02   9.3898305e+01  -1.1087640e-01   1.1049074e+02   7.3885453e-01   1.4180000e+01  -1.2765734e+00   1.0093333e+01   4.4424939e-01   9.8179487e+01   8.1907563e-02   4.7273729e-01   1.1452101e-01   3.5378151e-02   1.2441525e-01   6.2500543e+01   9.5273950e+02   1.0000000e+00   3.3600000e+02
   4.1433583e-03   4.7308219e+01  -1.6372556e-01   9.0811475e+01   1.0764290e+00   1.5930693e+01   2.2376553e-01   2.0754902e+02   5.4607585e-01   9.1238095e+01   4.9210526e-02   3.2256954e-01   1.3284286e-01   2.0250000e-02   1.6078571e-02   7.9688192e+01   7.3905921e+02   1.0000000e+00   3.7400000e+02
  -7.4803532e-03   6.5013605e+01  -4.5739176e-02   8.0689873e+01   2.1004060e-01   2.3025157e+01  -2.2675449e-02   1.1360377e+02   1.7580923e-01   1.0370079e+02   5.0641509e-02   3.2741139e-01   2.7410692e-01   4.0044025e-02   7.0683544e-02   8.3334057e+01   7.1308176e+02   1.0000000e+00   4.0200000e+02
   2.0306596e-02   6.1105263e+01  -1.8307702e-01   8.2633333e+01   1.1080134e+00   1.9520833e+01   2.2039150e-01   1.9630000e+02   5.6834726e-01   9.7009091e+01   5.7065574e-02   3.6446281e-01   1.1220513e-01   2.1278689e-02   1.5196581e-02   6.1494363e+01   9.6511475e+02   1.0000000e+00   5.6100000e+02
  -3.2039085e-02   1.0318519e+02  -1.0238834e-01   8.4981132e+01   9.4878693e-01   2.6181818e+01   2.5575359e-01   8.9000000e+01   8.8226314e-02   1.0376087e+02   8.6701754e-02   3.4844643e-01   5.4491228e-02   3.0122807e-02   9.6071429e-03   9.0627360e+01   6.4559649e+02   1.0000000e+00   5.0000000e+00
   1.3065217e-01   7.0445946e+01  -4.5604723e-02   8.2736434e+01   4.9573194e-01   6.8217391e+01  -2.6083658e-01   1.3969149e+02   2.6651586e-01   1.7285714e+01   6.8014151e-02   1.5526882e-02   3.1484906e-01   2.7396226e-02   9.4360190e-02   3.3282117e+02   1.7631604e+02   1.0000000e+00   4.8000000e+01
   2.9735205e-02   4.3933333e+01  -1.0025334e-01   1.2927273e+02   1.0472483e+00   1.4875000e+01   9.5555361e-02   4.0875000e+01   2.7687120e-01   9.9022388e+01   2.7777778e-02   4.4076866e-01   1.1786260e-02   3.1903704e-02   8.1603053e-03   7.0833948e+01   8.3905926e+02   1.0000000e+00   3.0800000e+02
   2.1206279e-02   8.3322034e+01  -2.7383940e-01   9.7924731e+01   9.9188456e-01   9.3235294e+00  -1.0302689e+00   7.4325581e+01   1.0259983e+00   8.2639640e+01   9.8262295e-02   4.0512397e-01   1.5297521e-01   3.8745902e-02   1.0523967e-01   6.4063056e+01   9.1582787e+02   1.0000000e+00   3.2400000e+02
   5.7897326e-02   7.6899225e+01  -1.9475026e-01   1.0883838e+02   8.8213891e-01   1.5121951e+01  -7.8820119e-01   1.0078846e+02   7.7011371e-01   8.9674603e+01   8.2694656e-02   4.3200769e-01   1.9273282e-01   2.1442748e-02   9.8775194e-02   6.8750597e+01   8.6167939e+02   1.0000000e+00   3.2500000e+02
   1.9341577e-03   6.1335821e+01  -1.0886162e-01   9.2384615e+01   7.5480681e-01   1.4569444e+01   9.2584892e-02   1.8083636e+02   2.9536705e-01   9.7385827e+01   6.1822222e-02   3.6549254e-01   1.2720896e-01   2.3592593e-02   1.7231343e-02   6.7993767e+01   8.7402963e+02   1.0000000e+00   4.7700000e+02
   8.7970482e-03   7.7587302e+01  -1.5890220e-01   9.4306250e+01   8.7502779e-01   1.1951220e+01  -4.5918184e-01   1.2062755e+02   4.8694403e-01   9.7390374e+01   6.7489796e-02   3.5932308e-01   2.5295408e-01   2.3107143e-02   4.4030769e-02   9.8490972e+01   6.0234694e+02   1.0000000e+00   4.3600000e+02
   2.6434767e-02   7.3254386e+01  -1.2906072e-01   7.8564103e+01   9.8427138e-01   2.6267857e+01   3.7981413e-01   1.7675000e+02   3.3297567e-01   1.0860909e+02   9.1847458e-02   4.1352137e-01   2.4973214e-02   3.0161017e-02   4.0267857e-03   5.9494546e+01   9.9402542e+02   1.0000000e+00   4.5200000e+02
   3.3160694e-02   7.8705882e+01  -1.3324252e-01   8.1990291e+01   6.0381075e-01   2.3909091e+01  -4.3869062e-01   7.9508333e+01   5.8857657e-01   1.0915315e+02   5.6475806e-02   3.7873171e-01   2.0400000e-01   3.3508065e-02   1.0724390e-01   6.2494271e+01   9.5002419e+02   1.0000000e+00   4.5700000e+02
   1.0263053e-02   8.1277311e+01  -1.7677937e-01   8.7626374e+01   7.2368205e-01   2.3593220e+01  -5.7231118e-01   8.2408696e+01   7.2992104e-01   9.1745614e+01   6.3715447e-02   3.9243443e-01   1.9669919e-01   2.5227642e-02   1.1579508e-01   6.1994317e+01   9.6088618e+02   1.0000000e+00   4.5800000e+02
   2.2125205e-02   6.8641026e+01  -2.1622759e-01   8.7916667e+01   8.2291800e-01   2.0580000e+01  -6.8570086e-01   8.9559322e+01   7.6347172e-01   1.1814407e+02   4.6626984e-02   4.0760800e-01   2.0120635e-01   2.4944444e-02   9.4496000e-02   6.3494180e+01   9.3711111e+02   1.0000000e+00   4.5900000e+02
   3.5824281e-02   5.4027523e+01  -8.6213282e-02   1.2163303e+02   4.5088005e-01   1.2193878e+01  -3.1569888e-01   4.3271028e+01   3.5452600e-01   7.5438095e+01   7.9577982e-02   4.6520370e-01   2.0144954e-01   2.7348624e-02   1.9552778e-01   5.4994959e+01   1.0828349e+03   1.0000000e+00   4.6000000e+02
   2.7654886e-02   8.1030303e+01  -2.2381232e-01   1.8631148e+01   5.9109192e-01   2.5016949e+01  -5.2843994e-02   1.7549123e+02   1.9791000e-01   1.0421374e+02   1.6285606e-01   3.4406107e-01   1.9524242e-01   8.3143939e-02   4.0976923e-02   6.6493905e+01   8.9074242e+02   1.0000000e+00   4.6100000e+02
  -1.7858904e-02   7.8120968e+01  -1.8479916e-01   4.1584746e+01   5.5914522e-01   2.2464789e+01   2.5726565e-02   2.3179487e+02   2.3122441e-01   9.4186992e+01   1.3480645e-01   3.8382114e-01   2.8796774e-01   6.4169355e-02   3.1204918e-02   6.2494271e+01   9.4886290e+02   1.0000000e+00   4.6300000e+02
  -1.0500510e-02   8.4400000e+01  -2.4112970e-01   5.9700000e+01   8.6764123e-01   2.2342857e+01   5.2350921e-02   2.3557391e+02   3.5379604e-01   9.6033333e+01   1.2398347e-01   3.9925833e-01   3.0788430e-01   5.1611570e-02   4.0791667e-02   6.0994409e+01   9.7478512e+02   1.0000000e+00   4.6400000e+02
  -1.7741746e-02   5.5533333e+01  -2.0001002e-01   8.3274336e+01   1.0125607e+00   2.5120000e+01   1.3169937e-01   1.9888235e+02   4.3776409e-01   7.2193277e+01   7.9691667e-02   3.9300000e-01   2.7803333e-01   2.9891667e-02   1.5025210e-02   6.0494455e+01   9.8101667e+02   1.0000000e+00   4.6500000e+02
  -6.6088770e-03   6.2010870e+01  -5.8116997e-02   9.2826087e+00   2.6039274e-01   1.4293478e+01   3.2114997e-02   1.7996552e+02   6.2463150e-02   8.8120879e+01   1.5611957e-01   3.2204396e-01   2.2718478e-01   9.5239130e-02   3.3296703e-02   5.7526366e+01   1.0250652e+03   1.0000000e+00   4.6900000e+02
  -2.0892128e-02   5.1275229e+01  -1.1007714e-01   8.6146789e+00   4.0298105e-01   1.2339450e+01   3.3366711e-02   1.9611538e+02   1.0269298e-01   8.0768519e+01   1.5294495e-01   3.2777778e-01   2.4117431e-01   1.0201835e-01   2.8712963e-02   5.4994959e+01   1.0778257e+03   1.0000000e+00   4.7000000e+02
  -2.2739960e-02   7.3629032e+01  -7.5143357e-02   8.2072626e+01   2.5393183e-01   1.3155172e+01  -2.8014927e-02   1.8951042e+02   6.7163211e-02   9.2085227e+01   6.4817708e-02   3.3596335e-01   1.5529167e-01   3.5890625e-02   2.2492147e-02   9.6491155e+01   6.1706771e+02   1.0000000e+00   4.7200000e+02
  -1.9202633e-02   8.3993197e+01  -6.1501228e-01   1.6407407e+01   1.1614055e+00   2.5882353e+01   2.3819120e-01   2.1088889e+02   4.0254155e-01   8.1486301e+01   1.7064626e-01   3.0873288e-01   1.1400000e-01   8.6653061e-02   1.4993056e-02   7.3993217e+01   8.0349660e+02   1.0000000e+00   4.7300000e+02
  -5.3495509e-03   6.6286957e+01  -5.5905915e-02   9.9086957e+01   4.5803320e-01   1.8941176e+01  -5.0914179e-02   2.1571930e+02   1.1467062e-01   9.6486726e+01   7.4573913e-02   4.3089474e-01   1.7284348e-01   2.3452174e-02   2.2723214e-02   5.7994684e+01   1.0193826e+03   1.0000000e+00   4.7800000e+02
  -1.5265187e-02   7.0285714e+01  -4.1560145e-02   6.9793651e+01   1.2518567e-01   1.1619048e+01  -1.4673881e-01   6.4015873e+01   9.7737099e-02   8.4088000e+01   5.9785714e-02   3.9982400e-01   1.8615079e-01   3.0023810e-02   1.3419200e-01   6.3494180e+01   9.3909524e+02   1.0000000e+00   4.8200000e+02
   6.6343469e-03   6.2825000e+01  -1.3784794e-01   7.9114035e+01   7.6515178e-01   1.3833333e+01  -6.7453494e-01   8.7067227e+01   6.0872045e-01   1.0005932e+02   4.7975610e-02   4.0001639e-01   2.0226016e-01   2.3016260e-02   1.1247541e-01   6.1994317e+01   9.5451220e+02   1.0000000e+00   4.8300000e+02
  -2.7220121e-02   8.4073770e+01  -1.7750495e-01   9.0457447e+01   8.6247129e-01   2.6423077e+01  -1.3825552e-01   1.7110833e+02   4.7224107e-01   9.2545455e+01   9.6918033e-02   4.3367769e-01   2.9827049e-01   2.7500000e-02   6.7206612e-02   6.1494363e+01   9.6372131e+02   1.0000000e+00   5.0000000e+02
  -1.5007559e-02   7.2272727e+01  -1.0329724e-01   9.4664286e+01   8.9563585e-01   1.4000000e+01  -1.8036241e-01   1.9659596e+02   2.3123036e-01   1.0791549e+02   8.4166667e-02   4.2006294e-01   2.2710417e-01   2.8312500e-02   3.8783217e-02   7.2493355e+01   8.2027083e+02   1.0000000e+00   5.0200000e+02
   4.7885705e-02   6.0379630e+01  -2.2274096e-01   3.2337349e+01   1.0394920e+00   2.3339286e+01  -2.8900770e-02   1.6485185e+02   4.0298576e-01   8.2476636e+01   1.1623148e-01   4.2585047e-01   2.5149074e-01   5.7425926e-02   1.0624299e-01   5.4495005e+01   1.0915093e+03   1.0000000e+00   5.0400000e+02
  -6.9446637e-02   7.5010309e+01  -2.3677529e-01   3.9883117e+01   1.4518893e+00   1.0489796e+01  -2.1221894e-01   8.6525773e+01   7.7520903e-01   7.7802083e+01   1.1490722e-01   4.1538542e-01   1.8167010e-01   5.4432990e-02   1.5586458e-01   4.8995509e+01   1.2179794e+03   1.0000000e+00   5.2700000e+02
  -1.9004081e-02   6.2070000e+01  -2.2947612e-01   2.9000000e+01   1.2535777e+00   2.0315789e+01   2.8386713e-04   2.5175000e+02   5.9315044e-01   9.1383838e+01   1.0571000e-01   4.0730303e-01   1.5555556e-01   5.7720000e-02   3.6101010e-02   5.0495371e+01   1.1592900e+03   1.0000000e+00   5.3100000e+02
  -5.1689660e-03   6.1637363e+01  -1.6888051e-01   3.0435294e+01   1.0990097e+00   2.0578947e+01   1.1418325e-01   3.0500000e+02   3.8452571e-01   1.1575556e+02   1.1109890e-01   4.3408889e-01   1.4389831e-02   5.8186813e-02   2.5762712e-03   4.5995784e+01   1.2866154e+03   1.0000000e+00   5.3200000e+02
  -3.6607371e-03   6.6363636e+01  -1.4401523e-01   2.8617284e+01   9.1260909e-01   1.9040000e+01   1.5833292e-02   2.7288889e+02   3.2897811e-01   1.2716092e+02   1.1712500e-01   4.4463218e-01   5.0274194e-02   5.6556818e-02   1.4177419e-02   4.4495921e+01   1.3208182e+03   1.0000000e+00   5.3300000e+02
   8.5021102e-02   6.5754967e+01  -4.1864829e-02   1.0901935e+02   3.5682139e-01   1.6798387e+01  -1.6729128e-01   6.0631250e+01   1.9456463e-01   9.5479452e+01   6.2916168e-02   3.5274699e-01   2.0139521e-01   1.9041916e-02   1.0479518e-01   8.3992301e+01   7.0978443e+02   1.0000000e+00   5.4300000e+02
   3.7301008e-02   5.2686131e+01  -1.6359809e-01   1.1355263e+02   9.4425004e-01   8.5949367e+00  -4.3394697e-01   9.2836879e+01   5.5049266e-01   9.3724638e+01   5.7730496e-02   4.0632857e-01   2.4367376e-01   1.1872340e-02   7.7628571e-02   7.0993492e+01   8.4248227e+02   1.0000000e+00   5.5200000e+02
   8.9646498e-02   7.8380531e+01  -2.0027688e-02   9.0182609e+01   5.2781000e-01   1.6085106e+01  -2.5425730e-01   7.2732824e+01   2.1139225e-01   1.1200000e+02   8.3343511e-02   4.0701538e-01   2.2665649e-01   2.8251908e-02   1.5053846e-01   6.5993951e+01   8.9453435e+02   0.0000000e+00   5.5300000e+02
   2.8143604e-02   6.9783951e+01  -1.3701566e-01   2.8322981e+01   3.8109145e-01   1.7069182e+01   1.0331273e-01   1.7596429e+02   7.6094464e-02   1.0258442e+02   1.1764815e-01   3.0196894e-01   4.2246914e-02   5.7839506e-02   6.3584906e-03   8.4896570e+01   6.9845679e+02   0.0000000e+00   2.0900000e+02
  -1.1832018e-02   9.3300000e+01  -1.0051734e-01   8.0817427e+01   1.2029211e+00   3.5551181e+01   2.5164288e-02   1.7534302e+02   7.6004977e-01   8.6102041e+01   9.4947170e-02   9.0574144e-02   2.3826038e-01   2.9386364e-02   6.7659091e-02   1.3854287e+02   4.3015472e+02   0.0000000e+00   4.1000000e+02
  -9.0993591e-03   7.4171946e+01  -7.1168973e-02   7.2782805e+01   2.4715152e-01   1.2301802e+01  -3.1307421e-02   1.1536752e+02  -3.6956592e-02   7.5417323e+01   7.4750000e-02   2.2810177e-01   1.2925000e-01   2.7245614e-02   7.8343612e-02   1.1927187e+02   5.0038596e+02   0.0000000e+00   3.7000000e+02
   1.4608490e-01   9.3620690e+01  -3.0374702e-02   1.0302632e+02   1.1806870e+00   3.1000000e+01   1.2374794e-01   6.7000000e+01   3.8120609e-02   6.8630435e+01   7.8483333e-02   3.2517241e-01   3.6733333e-02   3.6716667e-02   1.5037037e-02   9.5314982e+01   6.1048333e+02   0.0000000e+00   1.8800000e+02
   3.3582141e-01   7.4939394e+01   1.6917029e-01   7.6549669e+01   5.6157332e-01   6.0800000e+00   4.2792212e-02   9.9296552e+01   2.9673658e-01   1.7786667e+02   8.8314917e-02   2.0963889e-01   2.1461111e-01   4.7182320e-02   9.1472222e-02   9.0991659e+01   6.5104972e+02   0.0000000e+00   5.4200000e+02
   7.0359680e-03   7.3674556e+01  -1.4238210e-01   8.0724359e+01   3.5204772e-01   2.8389706e+01  -8.9410906e-02   5.3738095e+01   2.4573188e-02   2.6958140e+02   8.8046784e-02   2.8104118e-01   7.3554878e-02   3.7812865e-02   3.2560976e-03   8.5992117e+01   6.9131579e+02   0.0000000e+00   5.0500000e+02
  -8.4230738e-03   8.1493151e+01  -5.1787127e-02   7.6277778e+01   1.0336451e+00   1.8617886e+01   1.8390485e-01   8.4411765e+01   1.8368554e-02   1.1017094e+02   8.7959459e-02   3.7616438e-01   5.1052632e-02   4.3222973e-02   1.1394737e-02   7.7604840e+01   7.6308108e+02   0.0000000e+00   3.3400000e+02
  -1.8289911e-02   4.8576577e+01  -1.0966576e-01   3.2558559e+01   4.7023072e-01   2.5864865e+01   1.6988593e-01   1.8658333e+02   1.7932480e-01   7.1363636e+01   1.3346847e-01   3.6834545e-01   6.5000000e-02   8.8333333e-02   8.6513761e-03   5.5994867e+01   1.0605586e+03   0.0000000e+00   5.0900000e+02
   6.3234082e-02   5.7203008e+01  -2.2562875e-02   8.2043478e+01   5.5409291e-01   7.0458015e+00  -4.2774136e-02   6.1876190e+01   1.4093064e-01   1.0396454e+02   4.1465839e-02   3.2045625e-01   1.3101242e-01   1.9012422e-02   4.9593750e-02   8.4375732e+01   7.0668944e+02   0.0000000e+00   3.8700000e+02
   2.5968743e-02   7.3892086e+01  -3.0887204e-02   8.7884058e+01   4.8883659e-01   1.6964602e+01   1.2198497e-01   2.8000000e+01   6.6156398e-02   9.6253623e+01   6.8438849e-02   3.7189130e-01   1.3882353e-02   1.6374101e-02   3.4705882e-03   6.9993584e+01   8.4930935e+02   0.0000000e+00   4.4600000e+02
   3.4973191e-03   8.2583333e+01  -6.5874523e-02   7.3170213e+01   2.9753466e-01   1.9907563e+01   1.2889506e-02   2.0352672e+02   1.3346215e-01   9.4461538e+01   1.1371918e-01   3.6239583e-01   2.6964384e-01   4.4404110e-02   3.5806897e-02   7.6563165e+01   7.7496575e+02   0.0000000e+00   3.9800000e+02
   1.1986780e-01   1.0211656e+02  -4.6138886e-02   1.0876642e+02   1.3685529e+00   3.8273973e+01  -1.5729718e-01   5.2891156e+01   9.9503001e-02   5.2954545e+01   1.0437952e-01   8.4075472e-02   2.9097590e-01   3.4957831e-02   2.7119394e-01   8.6979922e+01   6.8781928e+02   0.0000000e+00   2.1600000e+02
   6.2769109e-02   8.2947761e+01  -8.3628006e-02   9.7793893e+01   1.0680300e+00   1.7323077e+01  -1.7547714e-01   1.5129412e+02   6.6738829e-02   1.2996552e+02   9.6169118e-02   3.7831579e-01   7.2629630e-02   3.7264706e-02   1.6318519e-02   7.1354786e+01   8.3242647e+02   0.0000000e+00   3.3300000e+02
   1.5060619e-02   8.4896000e+01  -2.7848995e-02   7.5674603e+01   3.0205620e-01   2.0333333e+01   2.3273374e-02   2.1937255e+02   6.2985676e-02   1.1219328e+02   8.4063492e-02   4.0939200e-01   1.3753226e-01   3.5214286e-02   2.5379032e-02   6.6146408e+01   8.9655556e+02   0.0000000e+00   2.2100000e+02
   1.4015012e-01   9.3628571e+01  -1.2102531e-01   7.2666667e+01   1.3488335e+00   1.8894737e+01  -3.3214024e-01   8.9868421e+01   8.3900800e-02   4.8900000e+01   2.0460526e-01   1.6284848e-01   3.5023684e-01   1.0915789e-01   1.6327027e-01   7.3127285e+01   7.7973684e+02   0.0000000e+00   3.0000000e+01
   3.3079111e-02   7.7897436e+01  -7.3699394e-02   1.1107692e+02   8.5152836e-01   1.6675676e+01  -2.9236006e-01   1.1463248e+02   1.7643777e-01   1.1396491e+02   7.1635593e-02   4.2429060e-01   2.6608475e-01   3.1288136e-02   6.8247863e-02   6.1979705e+01   9.6051695e+02   0.0000000e+00   2.9000000e+02
   1.4453402e-01   6.3896552e+01   6.5647109e-03   8.8116279e+01   5.6025808e-01   4.2569231e+01  -3.3818882e-02   1.1673529e+02   1.6907369e-01   1.4473418e+02   5.1808917e-02   2.8941026e-01   2.3070701e-01   2.6452229e-02   7.2852564e-02   8.2292381e+01   7.2480892e+02   0.0000000e+00   3.6600000e+02
   6.6716974e-03   7.6509259e+01  -1.5207188e-01   4.5783019e+01   1.1071589e+00   2.0482759e+01   3.1261256e-01   1.1172727e+02   2.5510833e-01   1.0005769e+02   1.0131481e-01   3.8267290e-01   5.5613861e-02   4.4138889e-02   1.3623762e-02   5.6771326e+01   1.0421759e+03   0.0000000e+00   3.2800000e+02
  -2.5533659e-01   9.1101587e+01  -3.7135288e-01   7.6285714e+01  -9.2168497e-02   2.9540936e+01  -3.8652648e-01   5.4343434e+01  -1.5038348e-01   9.4238095e+01   9.5447368e-02   7.6271768e-02   2.0186316e-01   4.4055263e-02   9.3501326e-02   1.9843922e+02   3.0062632e+02   0.0000000e+00   3.9400000e+02
  -2.3867941e-02   6.7088757e+01  -5.3939177e-02   9.4111765e+01   2.6529454e-01   2.1000000e+00   3.8197193e-03   4.4175439e+01  -2.1044138e-02   7.2663636e+01   7.7582353e-02   2.8270414e-01   1.2315625e-01   2.2647059e-02   3.6543750e-02   8.9063273e+01   6.6927059e+02   0.0000000e+00   1.6800000e+02
   5.1170154e-02   7.2413223e+01  -1.2394112e-01   9.4622951e+01   1.1007216e+00   1.5860465e+01   2.2962471e-01   2.2689167e+02   7.0771428e-01   9.4416667e+01   4.5520000e-02   4.2466129e-01   3.4785600e-01   3.4136000e-02   3.5346774e-02   6.5625570e+01   9.0310400e+02   0.0000000e+00   1.7700000e+02
  -1.9449851e-02   9.7818182e+01  -9.8843364e-02   8.3371901e+01   5.9661900e-01   3.2837838e+01   1.0205393e-01   8.3600000e+01  -3.9310769e-02   1.2745714e+02   7.0934426e-02   3.5155372e-01   1.0411765e-02   3.8893443e-02   3.3865546e-03   6.4063056e+01   9.2576230e+02   0.0000000e+00   3.9500000e+02
   1.4143528e-01   8.7829016e+01  -5.6432657e-02   8.3367742e+01   1.2285080e+00   6.3728814e+00   2.0950352e-01   1.0600000e+02   2.6109855e-02   9.2594203e+01   8.4297436e-02   2.7543299e-01   1.2792135e-02   2.9128205e-02   5.4269663e-03   1.0208422e+02   5.8119487e+02   0.0000000e+00   1.9400000e+02
   1.4143528e-01   8.7829016e+01  -5.6432657e-02   8.3367742e+01   1.2285080e+00   6.3728814e+00   2.0950352e-01   1.0600000e+02   2.6109855e-02   9.2594203e+01   8.4297436e-02   2.7543299e-01   1.2792135e-02   2.9128205e-02   5.4269663e-03   1.0208422e+02   5.8119487e+02   0.0000000e+00   1.9400000e+02
   7.0827484e-02   1.0224800e+02  -1.9731607e-02   8.6295455e+01   1.4012985e+00   1.0636364e+01  -3.9229221e-01   7.6333333e+01   3.2284021e-02   1.9353846e+02   9.5273381e-02   2.6118841e-01   1.3509804e-02   4.1597122e-02   6.1274510e-03   6.9993584e+01   8.4286331e+02   0.0000000e+00   4.2000000e+02
  -6.5092045e-03   9.8232759e+01  -1.9642035e-01   7.8602564e+01   7.9754749e-01   2.7831325e+00   1.7432314e-01   1.5429091e+02   3.8386021e-01   1.4095413e+02   8.3882353e-02   4.1133051e-01   1.3620168e-01   3.6789916e-02   3.0239316e-02   6.2500543e+01   9.4667227e+02   0.0000000e+00   6.8000000e+01
   1.8532420e-02   7.6157895e+01  -8.0282716e-02   8.5923810e+01   1.2346250e+00   1.9343750e+01   2.9167601e-01   1.1800000e+02   1.9979265e-01   1.0528070e+02   5.5330435e-02   4.2547368e-01   5.0200000e-02   3.0713043e-02   1.8400000e-02   6.0417191e+01   9.7090435e+02   0.0000000e+00   3.0600000e+02
   6.6772068e-02   7.4259259e+01  -9.0154165e-02   6.4500000e+01   7.5677381e-01   1.3222222e+01  -1.1990693e-01   2.2322642e+02   2.8687185e-01   9.6884615e+01   6.1946429e-02   3.6189091e-01   3.0325455e-01   1.6696429e-02   4.4381818e-02   8.9064819e+01   6.5680357e+02   0.0000000e+00   1.9900000e+02
  -2.8451549e-02   9.7716216e+01  -1.4516925e-01   3.1097222e+01   1.4078651e+00   1.5595745e+01  -8.3947322e-03   7.0295918e+01  -1.4271870e-02   1.3287342e+02   1.8579114e-01   1.9708280e-01   1.4799363e-01   9.5075949e-02   2.4458599e-02   7.9492713e+01   7.4927848e+02   0.0000000e+00   4.8900000e+02
   2.5827706e-02   7.5176471e+01  -1.6293003e-01   1.8966667e+01   1.3014312e+00   1.9285714e+01  -6.8267807e-02   6.4161290e+01  -4.9221607e-03   6.9411765e+01   2.4417647e-01   2.0918182e-01   1.9935294e-01   1.6900000e-01   7.3636364e-02   5.4688924e+01   1.0193529e+03   0.0000000e+00   2.1100000e+02
   6.6716974e-03   7.6509259e+01  -1.5207188e-01   4.5783019e+01   1.1071589e+00   2.0482759e+01   3.1261256e-01   1.1172727e+02   2.5510833e-01   1.0005769e+02   1.0131481e-01   3.8267290e-01   5.5613861e-02   4.4138889e-02   1.3623762e-02   5.6771326e+01   1.0421759e+03   0.0000000e+00   3.2800000e+02
   5.6611730e-03   7.1223881e+01  -1.0273693e-01   6.2544776e+01   1.3918369e+00   1.8327869e+01   4.3751207e-01   6.2833333e+01   4.2494446e-02   8.7691729e+01   7.2522388e-02   4.0877444e-01   2.5404762e-02   2.9014925e-02   6.3412698e-03   7.0313110e+01   8.4223134e+02   0.0000000e+00   2.6700000e+02
  -3.4485618e-03   5.8512821e+01  -1.5787946e-01   3.2467532e+01   8.5566275e-01   3.6068966e+01   2.2671703e-01   1.6323077e+02   3.3042481e-01   8.9520000e+01   9.2321839e-02   4.0063953e-01   1.0632500e-01   4.3747126e-02   2.5337500e-02   4.5833731e+01   1.2946897e+03   0.0000000e+00   3.4900000e+02
   3.5120488e-02   8.1400000e+01  -1.9715821e-01   1.0488889e+01   1.0478905e+00   3.2453333e+01  -1.5636055e-01   4.8000000e+01  -3.1785799e-02   8.4935484e+01   1.6565926e-01   1.7044030e-01   2.0383704e-01   8.4259259e-02   5.1320896e-02   6.7993767e+01   8.7068889e+02   0.0000000e+00   4.3800000e+02
  -6.5640740e-02   8.6962963e+01  -1.5092789e-01   1.0451538e+02   1.3934062e+00   2.2822222e+01   2.0395117e-01   2.3792727e+02   2.5969263e-01   1.0905970e+02   5.8896296e-02   4.5182090e-01   1.6042222e-01   3.8288889e-02   2.6014925e-02   7.0833948e+01   8.3073333e+02   0.0000000e+00   3.4500000e+02
  -1.6421530e-02   6.1288000e+01  -7.2415436e-02   1.0154331e+02   6.1894646e-01   2.6551020e+01   2.2151417e-01   1.2675000e+02   1.7868839e-01   7.5861789e+01   7.3085938e-02   4.1725984e-01   1.1295652e-02   2.8585937e-02   1.3478261e-03   6.7188083e+01   8.8607813e+02   0.0000000e+00   2.4800000e+02
   3.0828283e-02   8.2447761e+01  -9.3990298e-02   5.9400000e+01   8.2818271e-01   4.0054545e+01  -1.7364332e-01   9.6218750e+01   1.3857658e-01   9.7000000e+01   7.3556962e-02   1.4007692e-01   1.3033766e-01   3.5734177e-02   3.2454545e-02   1.2500326e+02   4.7581013e+02   0.0000000e+00   2.0400000e+02
  -2.5585211e-02   3.9472868e+01  -1.0692544e-01   9.9851563e+01   4.4755285e-01   2.8724138e+01  -3.8170761e-02   1.7796063e+02   2.0812327e-01   6.5209677e+01   6.3325581e-02   4.0202344e-01   3.1308527e-01   3.0705426e-02   4.6382812e-02   6.7708921e+01   8.7952713e+02   0.0000000e+00   2.8700000e+02
  -3.1188446e-02   8.4615385e+01  -2.5089868e-01   4.8462810e+01   1.0613766e+00   3.5008547e+01   3.8372790e-01   1.4775000e+02   1.3147172e-01   1.2279592e+02   1.0099367e-01   3.7800637e-01   9.4013158e-03   4.3753165e-02   2.5921053e-03   8.2813219e+01   7.1522785e+02   0.0000000e+00   1.9200000e+02
   6.6716974e-03   7.6509259e+01  -1.5207188e-01   4.5783019e+01   1.1071589e+00   2.0482759e+01   3.1261256e-01   1.1172727e+02   2.5510833e-01   1.0005769e+02   1.0131481e-01   3.8267290e-01   5.5613861e-02   4.4138889e-02   1.3623762e-02   5.6771326e+01   1.0421759e+03   0.0000000e+00   3.2800000e+02
   1.0658978e-01   8.5131387e+01  -6.2749433e-02   8.2042553e+01   6.7369276e-01   6.7392000e+01   1.5111325e-01   6.1071429e+01   3.5419874e-02   1.0720370e+02   5.8128609e-02   1.5935638e-01   1.8139108e-02   2.7490814e-02   3.5343915e-03   1.9896006e+02   2.9962467e+02   0.0000000e+00   4.1200000e+02
  -6.5640740e-02   8.6962963e+01  -1.5092789e-01   1.0451538e+02   1.3934062e+00   2.2822222e+01   2.0395117e-01   2.3792727e+02   2.5969263e-01   1.0905970e+02   5.8896296e-02   4.5182090e-01   1.6042222e-01   3.8288889e-02   2.6014925e-02   7.0833948e+01   8.3073333e+02   0.0000000e+00   3.4500000e+02
   1.6298293e-01   5.8336066e+01  -2.0349531e-01   2.9430000e+01   1.3884421e+00   2.3105263e+01  -1.4268494e-01   5.6194690e+01  -4.0618530e-03   1.1598214e+02   8.8229508e-02   2.3320833e-01   2.7183607e-01   4.0221311e-02   5.6150000e-02   6.4063056e+01   9.2122951e+02   0.0000000e+00   3.8300000e+02
   2.4055285e-02   7.8442953e+01  -3.6747380e-02   5.7092105e+01   5.2786004e-01   1.7195804e+01   2.3968577e-01   4.3142857e+01   6.3916149e-02   1.0193836e+02   7.3789474e-02   3.4802649e-01   1.2956522e-02   1.8901316e-02   1.3840580e-03   7.9688192e+01   7.4543421e+02   0.0000000e+00   2.7100000e+02
   1.7787920e-01   8.4385185e+01  -2.4845117e-01   5.0916667e+01   1.3457501e+00   1.1786885e+01  -3.7427264e-01   3.6525424e+01   1.0668144e-01   9.0308271e+01   1.2279412e-01   3.8337778e-01   6.0580882e-02   5.4838235e-02   6.8933333e-02   7.1354786e+01   8.2893382e+02   0.0000000e+00   2.8900000e+02
   2.0065458e-01   8.4097656e+01  -6.1713818e-02   8.5515152e+01   9.5691650e-01   9.5238095e+00   2.3772164e-02   9.5543478e+01   3.3745494e-01   2.4222222e+01   6.6172285e-02   3.1258197e-02   8.7503846e-02   3.6348315e-02   7.4303846e-02   1.3958455e+02   4.2656554e+02   0.0000000e+00   2.2700000e+02
   5.9146968e-02   8.0056701e+01  -8.3887209e-02   6.9725610e+01   4.6522144e-01   4.0731707e+00  -3.0902387e-01   5.7008197e+01   3.7050138e-02   2.3432653e+02   6.6111650e-02   1.5812683e-01   1.0184390e-01   3.0582524e-02   3.2131707e-02   1.0781344e+02   5.5340777e+02   0.0000000e+00   3.1000000e+01
   1.7381435e-02   6.7842466e+01  -1.6878391e-02   6.5633540e+01   2.9251881e-01   1.7540230e+01  -4.5337353e-02   6.7006536e+01   7.0782148e-03   1.0247934e+02   8.0717514e-02   2.7792614e-01   2.3380226e-01   3.2853107e-02   4.2698864e-02   9.2709138e+01   6.4097740e+02   0.0000000e+00   3.3000000e+02
   3.9673095e-02   8.1820628e+01  -4.2619851e-02   6.9494382e+01   1.3250919e-01   6.8901042e+01  -8.3710637e-02   5.5386740e+01  -3.3381542e-02   7.8358025e+01   7.3374101e-02   1.3320578e-01   1.9714286e-01   2.4721014e-02   7.9278388e-02   1.4531376e+02   4.0751079e+02   0.0000000e+00   1.6300000e+02
  -1.6762651e-02   7.2478873e+01  -3.4195741e-01   1.9438462e+01   1.4268572e+00   1.9025974e+01   2.9570691e-01   9.8600000e+01   1.0462935e-01   1.1509155e+02   1.5188811e-01   3.4509859e-01   9.1009174e-03   8.0748252e-02   2.6055046e-03   7.5000651e+01   7.8981119e+02   0.0000000e+00   3.3100000e+02
   1.4133818e-01   8.9460000e+01  -1.1865056e-01   8.9333333e+01   1.2137019e+00   3.6466667e+01  -2.0260490e-01   8.5841584e+01  -3.8149918e-02   6.0208333e+01   1.6596040e-01   3.2738542e-01   4.0949505e-01   7.7316832e-02   1.4441000e-01   5.3125461e+01   1.1099901e+03   0.0000000e+00   3.3200000e+02
   4.2268907e-01   6.4386364e+01  -4.3586405e-02   1.0090000e+02   6.4389583e-01   2.4074627e+01   1.5613177e-02   1.4035714e+02   7.5265990e-02   1.2206349e+02   4.7584980e-02   1.8511952e-01   1.6659091e-02   1.7644269e-02   4.2954545e-03   1.3229282e+02   4.4872332e+02   0.0000000e+00   2.5900000e+02
   7.9043038e-03   7.4195122e+01  -9.3784683e-02   8.2062893e+01   5.6147472e-01   2.4361702e+01   5.4950121e-02   1.5603125e+02   3.1935580e-01   9.7587786e+01   6.3058824e-02   2.7876331e-01   2.6671176e-01   3.4576471e-02   4.3213018e-02   8.9063273e+01   6.7005882e+02   0.0000000e+00   4.1700000e+02
  -1.9449851e-02   9.7818182e+01  -9.8843364e-02   8.3371901e+01   5.9661900e-01   3.2837838e+01   1.0205393e-01   8.3600000e+01  -3.9310769e-02   1.2745714e+02   7.0934426e-02   3.5155372e-01   1.0411765e-02   3.8893443e-02   3.3865546e-03   6.4063056e+01   9.2576230e+02   0.0000000e+00   3.9500000e+02
   2.0405079e-02   8.8178295e+01  -1.3741047e-01   1.0900000e+02   1.2777889e+00   1.8870968e+01   2.4417481e-01   2.3010000e+02   3.8905736e-01   1.1941600e+02   8.1030303e-02   4.3287023e-01   2.9953846e-02   3.2621212e-02   5.1153846e-03   6.9271435e+01   8.5957576e+02   0.0000000e+00   1.3300000e+02
