   1.8532420e-02   7.6157895e+01  -8.0282716e-02   8.5923810e+01   1.2346250e+00   1.9343750e+01   2.9167601e-01   1.1800000e+02   1.9979265e-01   1.0528070e+02   5.5330435e-02   4.2547368e-01   5.0200000e-02   3.0713043e-02   1.8400000e-02   6.0417191e+01   9.7090435e+02   0.0000000e+00   3.0600000e+02
   8.5021102e-02   6.5754967e+01  -4.1864829e-02   1.0901935e+02   3.5682139e-01   1.6798387e+01  -1.6729128e-01   6.0631250e+01   1.9456463e-01   9.5479452e+01   6.2916168e-02   3.5274699e-01   2.0139521e-01   1.9041916e-02   1.0479518e-01   8.3992301e+01   7.0978443e+02   0.0000000e+00   5.4300000e+02
   9.0680720e-02   8.8496212e+01  -1.6852454e-02   8.0832061e+01   4.3528698e-01   4.2500000e+01   7.1871667e-02   5.2210145e+01   2.4345087e-01   1.1804808e+02   1.0235599e-01   1.4746259e-01   1.1670779e-01   3.6825243e-02   4.0918831e-02   1.5498579e+02   3.8443366e+02   0.0000000e+00   5.4800000e+02
   8.9709175e-03   7.5605505e+01  -6.7064096e-02   4.0063063e+01   5.0394453e-01   2.1018868e+01   2.9509061e-02   1.1320339e+02   1.0932027e-01   8.6141304e+01   1.8028829e-01   3.4442727e-01   1.5210185e-01   1.0641441e-01   3.5629630e-02   5.5994867e+01   1.0579279e+03   0.0000000e+00   5.4900000e+02
   3.7301008e-02   5.2686131e+01  -1.6359809e-01   1.1355263e+02   9.4425004e-01   8.5949367e+00  -4.3394697e-01   9.2836879e+01   5.5049266e-01   9.3724638e+01   5.7730496e-02   4.0632857e-01   2.4367376e-01   1.1872340e-02   7.7628571e-02   7.0993492e+01   8.4248227e+02   0.0000000e+00   5.5200000e+02
   8.9646498e-02   7.8380531e+01  -2.0027688e-02   9.0182609e+01   5.2781000e-01   1.6085106e+01  -2.5425730e-01   7.2732824e+01   2.1139225e-01   1.1200000e+02   8.3343511e-02   4.0701538e-01   2.2665649e-01   2.8251908e-02   1.5053846e-01   6.5993951e+01   8.9453435e+02   0.0000000e+00   5.5300000e+02
  -6.5230502e-02   6.4888889e+01  -4.7179404e-01   5.3376471e+01   4.9195738e-01   5.2387755e+01  -3.3915772e-01   9.5142857e+01   7.8267691e-02   1.1620000e+02   4.4333333e-02   1.5918750e-01   1.2464706e-01   1.7278481e-02   3.6852941e-02   8.8991842e+01   6.6527684e+02   0.0000000e+00   5.5700000e+02
  -2.6563859e-02   8.1087248e+01  -7.6872195e-02   7.5993243e+01   6.0358739e-01   2.3434783e+01   1.7198763e-01   9.2625000e+01   7.4591984e-02   1.0038462e+02   1.0457047e-01   3.8182432e-01   1.3493151e-02   4.0248322e-02   2.8493151e-03   7.4993126e+01   7.9412752e+02   0.0000000e+00   5.5900000e+02
   2.1270232e-01   8.7691275e+01  -8.5540013e-03   8.5237410e+01   4.2523970e-01   6.1666667e+00  -4.2647460e-01   5.7336207e+01  -1.8151571e-02   2.5982270e+02   7.3572327e-02   3.3485443e-01   1.3159119e-01   3.0987421e-02   4.3531646e-02   8.3334057e+01   7.1322013e+02   0.0000000e+00   1.5000000e+01
   1.8577246e-02   9.1784173e+01  -1.1751071e-01   8.9827338e+01   6.9948422e-01   2.3787234e+01   1.5017043e-01   1.8166667e+02   1.7821825e-01   1.2795455e+02   1.1630201e-01   3.9255405e-01   6.0335570e-03   3.7073826e-02   1.6504854e-04   7.8125678e+01   7.6320134e+02   0.0000000e+00   1.7000000e+01
   8.9004518e-02   7.6436782e+01  -4.4097318e-02   6.4242604e+01   1.0247705e+00   7.7628866e+00   1.8318533e-01   4.6444444e+01   3.6985420e-01   1.3576923e+02   6.8668508e-02   2.3005988e-02   8.0239521e-03   2.3701657e-02   2.5029940e-03   9.4813889e+01   6.2944751e+02   0.0000000e+00   2.1000000e+02
   8.9004518e-02   7.6436782e+01  -4.4097318e-02   6.4242604e+01   1.0247705e+00   7.7628866e+00   1.8318533e-01   4.6444444e+01   3.6985420e-01   1.3576923e+02   6.8668508e-02   2.3005988e-02   8.0239521e-03   2.3701657e-02   2.5029940e-03   9.4813889e+01   6.2944751e+02   0.0000000e+00   2.1100000e+02
   4.0142965e-02   7.6691429e+01  -5.3949252e-02   1.0147093e+02   8.8491433e-01   1.8962617e+01   2.2349766e-01   1.0325000e+02   4.8162797e-02   1.0393333e+02   4.0842697e-02   3.8671186e-01   1.4333333e-02   3.9887640e-02   4.9696970e-03   9.3251022e+01   6.3792697e+02   0.0000000e+00   2.2000000e+01
   1.4861607e-02   7.8008850e+01  -1.0872734e-01   6.8990385e+01   7.9789696e-01   1.5012987e+01   2.4713832e-01   1.7779167e+02   1.9918941e-01   1.1191892e+02   8.4221239e-02   4.1897321e-01   6.9869159e-02   2.9451327e-02   1.0271028e-02   5.9375515e+01   1.0030973e+03   0.0000000e+00   2.8000000e+01
   1.3664831e-01   8.2142857e+01  -6.1865614e-02   6.8375000e+01   1.1977617e+00   1.6100000e+01   4.2320475e-02   5.1384615e+01   4.4371158e-02   1.7904717e+02   8.3503704e-02   3.3397015e-01   7.2317460e-02   3.2607407e-02   1.5793651e-02   7.0833948e+01   8.3631111e+02   0.0000000e+00   2.9000000e+01
   5.9146968e-02   8.0056701e+01  -8.3887209e-02   6.9725610e+01   4.6522144e-01   4.0731707e+00  -3.0902387e-01   5.7008197e+01   3.7050138e-02   2.3432653e+02   6.6111650e-02   1.5812683e-01   1.0184390e-01   3.0582524e-02   3.2131707e-02   1.0781344e+02   5.5340777e+02   0.0000000e+00   3.1000000e+01
   1.8662472e-02   7.4770370e+01  -1.9655983e-01   6.8693878e+01   1.0714888e+00   3.0028169e+01   3.6739733e-01   1.2752174e+02   4.5982026e-01   1.1625000e+02   8.0359712e-02   3.5526087e-01   4.4069767e-02   2.5568345e-02   1.4914729e-02   7.2917300e+01   8.0739568e+02   0.0000000e+00   3.7000000e+01
   9.3812810e-02   9.0617647e+01  -7.3961843e-02   8.1229167e+01   1.1189943e+00   2.4325581e+01   3.5459170e-02   7.3500000e+01   8.8617315e-03   1.4313223e+02   7.4253623e-02   3.6124818e-01   3.1465649e-02   4.1094203e-02   1.1389313e-02   7.2396462e+01   8.1957246e+02   0.0000000e+00   3.8000000e+01
   1.6938396e-01   4.0590604e+01  -3.7125601e-01   8.5144928e+00   1.4070900e-01   3.1397059e+00  -3.2268996e-01   2.7122449e+01   2.0136310e-02   2.2039785e+02   1.6716667e-01   1.6461486e-01   4.8993333e-02   1.2678000e-01   2.2637584e-02   7.8646516e+01   7.5574000e+02   0.0000000e+00   4.2000000e+01
  -6.5092045e-03   9.8232759e+01  -1.9642035e-01   7.8602564e+01   7.9754749e-01   2.7831325e+00   1.7432314e-01   1.5429091e+02   3.8386021e-01   1.4095413e+02   8.3882353e-02   4.1133051e-01   1.3620168e-01   3.6789916e-02   3.0239316e-02   6.2500543e+01   9.4667227e+02   0.0000000e+00   6.8000000e+01
   1.1706114e-01   8.8406250e+01  -6.3685805e-02   6.1493333e+01   1.2082200e+00   1.6420000e+01   1.2026476e-01   3.1666667e+01   2.8579041e-02   1.2111538e+02   1.0823762e-01   3.2060000e-01   1.6010989e-02   4.3130000e-02   7.9560440e-03   5.3125461e+01   1.1063762e+03   0.0000000e+00   7.8000000e+01
   1.7130759e-01   7.4920530e+01  -4.4936160e-02   7.4181102e+01   4.5167556e-01   1.9703704e+01  -6.0136258e-01   2.4575221e+01  -1.0666294e-01   1.0566667e+02   7.3687898e-02   5.0053333e-02   1.0089809e-01   2.5853503e-02   2.3230769e-02   8.2292381e+01   7.2371975e+02   0.0000000e+00   1.0100000e+02
   8.3121270e-04   1.0275833e+02  -1.0580248e-01   8.6619469e+01   7.4707753e-01   3.2695652e+00  -9.1486730e-02   1.8398347e+02   2.8120139e-01   8.2491071e+01   1.1306557e-01   3.8834711e-01   3.0421311e-01   4.0000000e-02   4.0661157e-02   6.4063056e+01   9.2585246e+02   0.0000000e+00   2.7500000e+02
  -2.5585211e-02   3.9472868e+01  -1.0692544e-01   9.9851563e+01   4.4755285e-01   2.8724138e+01  -3.8170761e-02   1.7796063e+02   2.0812327e-01   6.5209677e+01   6.3325581e-02   4.0202344e-01   3.1308527e-01   3.0705426e-02   4.6382812e-02   6.7708921e+01   8.7952713e+02   0.0000000e+00   2.8700000e+02
  -6.6177480e-03   7.2476190e+01  -3.5871057e-01   2.4948718e+01   1.1254114e+00   2.4690909e+01   6.4680738e-02   1.9672727e+02   3.3060732e-01   9.4595238e+01   1.5718110e-01   3.3262698e-01   2.2867717e-01   8.7629921e-02   3.0158730e-02   6.6667245e+01   8.9122835e+02   0.0000000e+00   2.9100000e+02
   1.7187891e-02   8.2112676e+01  -2.4018253e-01   7.6212963e+01   9.8860684e-01   1.3422222e+01  -6.7975407e-01   4.0384615e+01   5.7877988e-01   9.1726619e+01   1.1163699e-01   3.7785517e-01   1.4166438e-01   4.2801370e-02   1.2942759e-01   7.6563165e+01   7.7536986e+02   0.0000000e+00   3.0000000e+02
   2.0267364e-02   9.0710937e+01  -9.3728586e-02   9.0411290e+01   1.0463246e+00   2.0513889e+01   1.6106844e-01   2.4731579e+02   2.1346738e-01   1.3910484e+02   8.1207692e-02   4.5973643e-01   1.1318750e-01   2.8892308e-02   1.6242187e-02   6.8229759e+01   8.6853846e+02   0.0000000e+00   3.0400000e+02
  -3.9894422e-02   1.0102419e+02  -2.2596895e-01   6.8824742e+01   1.2102508e+00   1.9431034e+01   2.7493727e-01   1.0971429e+02   2.2821511e-01   1.2226230e+02   1.1604724e-01   3.8443651e-01   1.8948980e-02   3.6370079e-02   2.7346939e-03   6.6667245e+01   8.8225197e+02   0.0000000e+00   3.1200000e+02
   2.1206279e-02   8.3322034e+01  -2.7383940e-01   9.7924731e+01   9.9188456e-01   9.3235294e+00  -1.0302689e+00   7.4325581e+01   1.0259983e+00   8.2639640e+01   9.8262295e-02   4.0512397e-01   1.5297521e-01   3.8745902e-02   1.0523967e-01   6.4063056e+01   9.1582787e+02   0.0000000e+00   3.2400000e+02
   5.7897326e-02   7.6899225e+01  -1.9475026e-01   1.0883838e+02   8.8213891e-01   1.5121951e+01  -7.8820119e-01   1.0078846e+02   7.7011371e-01   8.9674603e+01   8.2694656e-02   4.3200769e-01   1.9273282e-01   2.1442748e-02   9.8775194e-02   6.8750597e+01   8.6167939e+02   0.0000000e+00   3.2500000e+02
   6.6716974e-03   7.6509259e+01  -1.5207188e-01   4.5783019e+01   1.1071589e+00   2.0482759e+01   3.1261256e-01   1.1172727e+02   2.5510833e-01   1.0005769e+02   1.0131481e-01   3.8267290e-01   5.5613861e-02   4.4138889e-02   1.3623762e-02   5.6771326e+01   1.0421759e+03   0.0000000e+00   3.2800000e+02
   2.1107341e-02   7.8590909e+01  -1.6247082e-01   4.6686869e+01   1.3381574e+00   2.0583333e+01   3.9885876e-01   1.1300000e+02   2.6644860e-01   9.6383178e+01   1.0210000e-01   3.9584404e-01   5.7543689e-02   3.9236364e-02   1.7407767e-02   5.7813002e+01   1.0237000e+03   0.0000000e+00   3.2900000e+02
   4.1433583e-03   4.7308219e+01  -1.6372556e-01   9.0811475e+01   1.0764290e+00   1.5930693e+01   2.2376553e-01   2.0754902e+02   5.4607585e-01   9.1238095e+01   4.9210526e-02   3.2256954e-01   1.3284286e-01   2.0250000e-02   1.6078571e-02   7.9688192e+01   7.3905921e+02   0.0000000e+00   3.7400000e+02
   1.9341577e-03   6.1335821e+01  -1.0886162e-01   9.2384615e+01   7.5480681e-01   1.4569444e+01   9.2584892e-02   1.8083636e+02   2.9536705e-01   9.7385827e+01   6.1822222e-02   3.6549254e-01   1.2720896e-01   2.3592593e-02   1.7231343e-02   6.7993767e+01   8.7402963e+02   0.0000000e+00   4.7700000e+02
   8.5021102e-02   6.5754967e+01  -4.1864829e-02   1.0901935e+02   3.5682139e-01   1.6798387e+01  -1.6729128e-01   6.0631250e+01   1.9456463e-01   9.5479452e+01   6.2916168e-02   3.5274699e-01   2.0139521e-01   1.9041916e-02   1.0479518e-01   8.3992301e+01   7.0978443e+02   0.0000000e+00   5.4300000e+02
   9.0680720e-02   8.8496212e+01  -1.6852454e-02   8.0832061e+01   4.3528698e-01   4.2500000e+01   7.1871667e-02   5.2210145e+01   2.4345087e-01   1.1804808e+02   1.0235599e-01   1.4746259e-01   1.1670779e-01   3.6825243e-02   4.0918831e-02   1.5498579e+02   3.8443366e+02   0.0000000e+00   5.4800000e+02
   8.9709175e-03   7.5605505e+01  -6.7064096e-02   4.0063063e+01   5.0394453e-01   2.1018868e+01   2.9509061e-02   1.1320339e+02   1.0932027e-01   8.6141304e+01   1.8028829e-01   3.4442727e-01   1.5210185e-01   1.0641441e-01   3.5629630e-02   5.5994867e+01   1.0579279e+03   0.0000000e+00   5.4900000e+02
   2.0306596e-02   6.1105263e+01  -1.8307702e-01   8.2633333e+01   1.1080134e+00   1.9520833e+01   2.2039150e-01   1.9630000e+02   5.6834726e-01   9.7009091e+01   5.7065574e-02   3.6446281e-01   1.1220513e-01   2.1278689e-02   1.5196581e-02   6.1494363e+01   9.6511475e+02   0.0000000e+00   5.6100000e+02
